start=8.200000
speed=1.500000
pause=yes
volume=101.000000
audio-delay=0.100000
