start=1305.262000
pause=yes
volume=77.000000
