start=376.209167
pause=yes
volume=51.000000
