start=3849.651000
pause=yes
volume=67.000000
